Generated 1 moment matrices
Largest moment matrix has size 42
Objective value: 5.00448
There are 324 variables
          1   0.0365734  -0.0501223 -0.00907632   0.0370486  -0.0498404 -0.00961525   -0.377325   -0.157561   -0.765096    0.580271    0.533082   -0.173982     0.57976   -0.745879     0.54684    0.533347    0.546624   -0.336237   -0.377076   -0.157378   -0.174247   0.0143243   0.0620528  -0.0608229 -0.00875706   0.0813301   0.0524703 -0.00492025   0.0619825   0.0822429  -0.0795474  -0.0798228  -0.0724232   0.0035082  -0.0613294   0.0520907   -0.072062 -0.00840725 -0.00557327  0.00355518   0.0128501
  0.0365734           1   -0.377361   -0.157476   -0.765096    0.580271    0.533082  -0.0416119  -0.0562642   0.0370486  -0.0498404 -0.00961525   0.0249219   0.0622208  -0.0609536 -0.00872836   0.0813994   0.0523786 -0.00477497   0.0619825   0.0822429  -0.0795474   -0.184662    0.141989    0.227586    -0.84579  -0.0572541   -0.458815    0.138799   -0.377076   -0.157378   -0.174247    0.338239    0.296584   -0.330469  -0.0616764    0.725606   -0.556058    0.727001   0.0734549    0.555431    0.105547
 -0.0501223   -0.377361           1   -0.173979     0.57976   -0.745879     0.54684   0.0365734   0.0247822   0.0620528  -0.0608229 -0.00875706    0.012596   0.0370486  -0.0498404 -0.00961525  -0.0797689   -0.072452   0.0034463  -0.0613294   0.0520907   -0.072062    0.359586   -0.765096    0.580271    0.533082    0.338065    0.296754   -0.330463    0.492572   -0.608711    0.765583   -0.493705  0.00333989    0.175122   -0.377076   -0.157378   -0.174247   -0.556211    0.556293   0.0438257    -0.45114
-0.00907632   -0.157476   -0.173979           1    0.533347    0.546624   -0.336237   0.0143243   0.0365734   0.0813301   0.0524703 -0.00492025  -0.0501223  -0.0798228  -0.0724232   0.0035082   0.0370486  -0.0498404 -0.00961525 -0.00840725 -0.00557327  0.00355518   -0.377325    0.106523   -0.452994    0.170864   -0.765096    0.580271    0.533082   -0.608894    0.317066    -0.20003     0.57976   -0.745879     0.54684    0.763292   -0.200241    0.273612   -0.377076   -0.157378   -0.174247    0.171597
  0.0370486   -0.765096     0.57976    0.533347           1   -0.377178   -0.157298   0.0620528   0.0813301   0.0365734   0.0630532   0.0821177  -0.0798228  -0.0501223  -0.0606226   0.0521242 -0.00907632 -0.00838717 -0.00580217  -0.0404136  -0.0577068   0.0254555    0.106523   -0.377325  -0.0625384    0.725204   -0.157561    0.726989   0.0735476    0.142427  -0.0577251    0.339233   -0.173982   -0.556553     0.55619     0.22464   -0.458258    0.295361   -0.845067     0.13891   -0.330018   -0.181822
 -0.0498404    0.580271   -0.745879    0.546624   -0.377178           1   -0.174226  -0.0608229   0.0524703   0.0619825   0.0365734  -0.0796045  -0.0724232  -0.0613294  -0.0501223  -0.0719944 -0.00840725 -0.00907632  0.00372014   0.0370486   0.0255384   0.0121097   -0.452994    0.492572   -0.377325    -0.55628   -0.608894   -0.157561    0.555356   -0.765096    0.338866   -0.494678    0.763292   -0.173982    0.043835     0.57976    0.295322  0.00330823    0.533347   -0.330023     0.17375    0.356904
-0.00961525    0.533082     0.54684   -0.336237   -0.157298   -0.174226           1 -0.00875706 -0.00492025   0.0822429  -0.0795474   0.0365734   0.0035082   0.0520907   -0.072062  -0.0501223 -0.00557327  0.00355518 -0.00907632   0.0128501   0.0370486  -0.0498404    0.170864   -0.608711    0.765583   -0.377325    0.317066    -0.20003   -0.157561    0.105547   -0.765096    0.580271   -0.200241    0.273612   -0.173982    -0.45114     0.57976   -0.745879    0.171597    0.533347    0.546624   -0.377076
  -0.377325  -0.0416119   0.0365734   0.0143243   0.0620528  -0.0608229 -0.00875706           1   -0.183596    0.141989    0.227586    -0.84579    0.359134   -0.765096    0.580271    0.533082    0.106667   -0.452461    0.171653  -0.0616764    0.725606   -0.556058  0.00740755   0.0370486  -0.0498404 -0.00961525   0.0594447   0.0377319    0.044315   0.0905283  -0.0364609  0.00047457  -0.0492984  -0.0666092  0.00960994   0.0619825   0.0822429  -0.0795474   -0.106667  -0.0855315  -0.0641184   -0.107887
  -0.157561  -0.0562642   0.0247822   0.0365734   0.0813301   0.0524703 -0.00492025   -0.183596           1  -0.0572541   -0.458815    0.138799   -0.377361    0.338239    0.296584   -0.330469   -0.765096    0.580271    0.533082    0.727001   0.0734549    0.555431  -0.0416119    0.073689   0.0544676   0.0445234   0.0370486  -0.0498404 -0.00961525   0.0660793   0.0643996    0.152936   0.0622208  -0.0609536 -0.00872836  0.00597672   -0.132543  -0.0590144   0.0619825   0.0822429  -0.0795474  -0.0867806
  -0.765096   0.0370486   0.0620528   0.0813301   0.0365734   0.0619825   0.0822429    0.141989  -0.0572541           1   -0.377178   -0.157298    0.338239   -0.377361    0.490079   -0.608738   -0.157476   -0.608884    0.351355    0.142427  -0.0577251    0.339233    0.073689  -0.0416119   0.0886276  -0.0364511  -0.0562642    0.125664   0.0480442  -0.0404136  -0.0577068   0.0254555   0.0249219   0.0778811   0.0896269   0.0872335    0.119558   0.0674554  -0.0356697   0.0539804   0.0826308   0.0737718
   0.580271  -0.0498404  -0.0608229   0.0524703   0.0630532   0.0365734  -0.0795474    0.227586   -0.458815   -0.377178           1   -0.174226    0.296584  -0.0616764   -0.377361     0.76566    0.727001   -0.157476   -0.163095   -0.765096    0.338866   -0.494678   0.0544676   0.0905283  -0.0416119 0.000223283   0.0660793  -0.0562642    0.136593   0.0370486   0.0255384   0.0121097  0.00597672   0.0249219    0.049268   0.0622208   0.0657992   0.0387974   0.0813994   -0.145603  -0.0524636  -0.0355802
   0.533082 -0.00961525 -0.00875706 -0.00492025   0.0821177  -0.0796045   0.0365734    -0.84579    0.138799   -0.157298   -0.174226           1   -0.330469    0.725606   -0.556058   -0.377361   0.0734549    0.555431   -0.157476    0.105547   -0.765096    0.580271   0.0445234  -0.0364609  0.00047457  -0.0416119   0.0643996    0.152936  -0.0562642   0.0128501   0.0370486  -0.0498404   -0.132543  -0.0590144   0.0249219   -0.107887   0.0622208  -0.0609536  -0.0867806   0.0813994   0.0523786   0.0619825
  -0.173982   0.0249219    0.012596  -0.0501223  -0.0798228  -0.0724232   0.0035082    0.359134   -0.377361    0.338239    0.296584   -0.330469           1   -0.493705  0.00333989    0.175122     0.57976   -0.745879     0.54684   -0.556211    0.556293   0.0438257   0.0365734  -0.0300246  -0.0479883  0.00874689   0.0620528  -0.0608229 -0.00875706   0.0145977   0.0747137   0.0343914   0.0370486  -0.0498404 -0.00961525  -0.0203965  -0.0624198  -0.0924687  -0.0613294   0.0520907   -0.072062  -0.0613229
    0.57976   0.0622208   0.0370486  -0.0798228  -0.0501223  -0.0613294   0.0520907   -0.765096    0.338239   -0.377361  -0.0616764    0.725606   -0.493705           1   -0.377178   -0.157298   -0.173979    0.763569   -0.163014     0.22464   -0.458258    0.295361  -0.0300246   0.0365734   0.0630532   0.0821177   0.0247822   0.0697888   -0.150065   0.0879374   0.0707611    0.010874    0.012596   0.0473093  -0.0460355  -0.0404136  -0.0577068   0.0254555 -0.00171894    0.141449   0.0424533   0.0487423
  -0.745879  -0.0609536  -0.0498404  -0.0724232  -0.0606226  -0.0501223   -0.072062    0.580271    0.296584    0.490079   -0.377361   -0.556058  0.00333989   -0.377178           1   -0.174226   -0.556211   -0.173979    0.312062     0.57976    0.295322  0.00330823  -0.0479883   0.0619825   0.0365734  -0.0796045   0.0145977   0.0247822   -0.077042   0.0620528   0.0159272  -0.0186981  -0.0203965    0.012596  -0.0758134   0.0370486   0.0255384   0.0121097  -0.0797689  -0.0732184  -0.0811537  -0.0493516
    0.54684 -0.00872836 -0.00961525   0.0035082   0.0521242  -0.0719944  -0.0501223    0.533082   -0.330469   -0.608738     0.76566   -0.377361    0.175122   -0.157298   -0.174226           1    0.556293   0.0438257   -0.173979    -0.45114     0.57976   -0.745879  0.00874689   0.0822429  -0.0795474   0.0365734   0.0747137   0.0343914   0.0247822    0.115471   0.0620528  -0.0608229  -0.0624198  -0.0924687    0.012596   0.0128501   0.0370486  -0.0498404  -0.0613229  -0.0797689   -0.072452  -0.0613294
   0.533347   0.0813994  -0.0797689   0.0370486 -0.00907632 -0.00840725 -0.00557327    0.106667   -0.765096   -0.157476    0.727001   0.0734549     0.57976   -0.173979   -0.556211    0.556293           1   -0.377178   -0.157298   -0.845067     0.13891   -0.330018   0.0620528   0.0143243   -0.109104  -0.0860117   0.0365734   0.0630532   0.0821177  -0.0346797   0.0613293   -0.136284  -0.0501223  -0.0606226   0.0521242 8.41535e-06    0.149436  -0.0645259  -0.0404136  -0.0577068   0.0254555   0.0467233
   0.546624   0.0523786   -0.072452  -0.0498404 -0.00838717 -0.00907632  0.00355518   -0.452461    0.580271   -0.608884   -0.157476    0.555431   -0.745879    0.763569   -0.173979   0.0438257   -0.377178           1   -0.174226    0.533347   -0.330023     0.17375  -0.0608229     0.11198   0.0143243  -0.0637658   0.0619825   0.0365734  -0.0796045   0.0813301   0.0772856  -0.0599215  -0.0613294  -0.0501223  -0.0719944  -0.0798228   0.0363125  -0.0879154   0.0370486   0.0255384   0.0121097  0.00654748
  -0.336237 -0.00477497   0.0034463 -0.00961525 -0.00580217  0.00372014 -0.00907632    0.171653    0.533082    0.351355   -0.163095   -0.157476     0.54684   -0.163014    0.312062   -0.173979   -0.157298   -0.174226           1    0.171597    0.533347    0.546624 -0.00875706   0.0741124  0.00752559   0.0143243   0.0822429  -0.0795474   0.0365734   0.0635556   0.0813301   0.0524703   0.0520907   -0.072062  -0.0501223 -0.00202219  -0.0798228  -0.0724232   0.0128501   0.0370486  -0.0498404 -0.00840725
  -0.377076   0.0619825  -0.0613294 -0.00840725  -0.0404136   0.0370486   0.0128501  -0.0616764    0.727001    0.142427   -0.765096    0.105547   -0.556211     0.22464     0.57976    -0.45114   -0.845067    0.533347    0.171597           1   -0.181253    0.356816   -0.109104   0.0879374   0.0620528    -0.10832  -0.0346797   0.0813301  -0.0849929   0.0365734   0.0613049  -0.0517624 8.41535e-06  -0.0798228  -0.0631539  -0.0501223   0.0348702  -0.0639413 -0.00907632    0.045459  0.00850548   0.0115757
  -0.157378   0.0822429   0.0520907 -0.00557327  -0.0577068   0.0255384   0.0370486    0.725606   0.0734549  -0.0577251    0.338866   -0.765096    0.556293   -0.458258    0.295322     0.57976     0.13891   -0.330023    0.533347   -0.181253           1   -0.377178  -0.0860117   0.0707611    0.010874   0.0620528   0.0613293   -0.136284   0.0813301   0.0737718   0.0365734   0.0630532    0.149436  -0.0645259  -0.0798228   0.0487423  -0.0501223  -0.0606226   0.0467233 -0.00907632 -0.00838717  -0.0404136
  -0.174247  -0.0795474   -0.072062  0.00355518   0.0254555   0.0121097  -0.0498404   -0.556058    0.555431    0.339233   -0.494678    0.580271   0.0438257    0.295361  0.00330823   -0.745879   -0.330018     0.17375    0.546624    0.356816   -0.377178           1  -0.0637658   0.0159272  -0.0186981  -0.0608229   0.0772856  -0.0599215   0.0524703  -0.0355802   0.0619825   0.0365734   0.0363125  -0.0879154  -0.0724232  -0.0493516  -0.0613294  -0.0501223  0.00654748 -0.00840725 -0.00907632   0.0370486
  0.0143243   -0.184662    0.359586   -0.377325    0.106523   -0.452994    0.170864  0.00740755  -0.0416119    0.073689   0.0544676   0.0445234   0.0365734  -0.0300246  -0.0479883  0.00874689   0.0620528  -0.0608229 -0.00875706   -0.109104  -0.0860117  -0.0637658           1   -0.241404     0.26045    0.180204    0.141989    0.227586    -0.84579    0.430451  0.00359093    0.501612   -0.765096    0.580271    0.533082   -0.357519   -0.227118   -0.235204  -0.0616764    0.725606   -0.556058   -0.707575
  0.0620528    0.141989   -0.765096    0.106523   -0.377325    0.492572   -0.608711   0.0370486    0.073689  -0.0416119   0.0905283  -0.0364609  -0.0300246   0.0365734   0.0619825   0.0822429   0.0143243     0.11198   0.0741124   0.0879374   0.0707611   0.0159272   -0.241404           1   -0.377178   -0.157298   -0.183596   -0.147907    0.207539   -0.344767    0.638841   -0.684684    0.359134   0.0735513   -0.116681    0.142427  -0.0577251    0.339233    0.402464    -0.48225   -0.149094    0.435893
 -0.0608229    0.227586    0.580271   -0.452994  -0.0625384   -0.377325    0.765583  -0.0498404   0.0544676   0.0886276  -0.0416119  0.00047457  -0.0479883   0.0630532   0.0365734  -0.0795474   -0.109104   0.0143243  0.00752559   0.0620528    0.010874  -0.0186981     0.26045   -0.377178           1   -0.174226    0.430451   -0.183596   -0.269257    0.141989   -0.685309    0.572747   -0.357519    0.359134   -0.185397   -0.765096    0.338866   -0.494678    0.106667    0.441614    0.369174    -0.34885
-0.00875706    -0.84579    0.533082    0.170864    0.725204    -0.55628   -0.377325 -0.00961525   0.0445234  -0.0364511 0.000223283  -0.0416119  0.00874689   0.0821177  -0.0796045   0.0365734  -0.0860117  -0.0637658   0.0143243    -0.10832   0.0620528  -0.0608229    0.180204   -0.157298   -0.174226           1  0.00359093    0.501612   -0.183596    0.402986    0.141989    0.227586   -0.227118   -0.235204    0.359134    0.105547   -0.765096    0.580271   -0.707575    0.106667   -0.452461  -0.0616764
  0.0813301  -0.0572541    0.338065   -0.765096   -0.157561   -0.608894    0.317066   0.0594447   0.0370486  -0.0562642   0.0660793   0.0643996   0.0620528   0.0247822   0.0145977   0.0747137   0.0365734   0.0619825   0.0822429  -0.0346797   0.0613293   0.0772856    0.141989   -0.183596    0.430451  0.00359093           1   -0.377178   -0.157298    0.647335   -0.326248    0.314297   -0.377361    0.490079   -0.608738   -0.678607    0.317027  -0.0732197    0.142427  -0.0577251    0.339233  0.00401033
  0.0524703   -0.458815    0.296754    0.580271    0.726989   -0.157561    -0.20003   0.0377319  -0.0498404    0.125664  -0.0562642    0.152936  -0.0608229   0.0697888   0.0247822   0.0343914   0.0630532   0.0365734  -0.0795474   0.0813301   -0.136284  -0.0599215    0.227586   -0.147907   -0.183596    0.501612   -0.377178           1   -0.174226  -0.0572541     0.31417    0.174177  -0.0616764   -0.377361     0.76566    0.338239   -0.342178    0.239135   -0.765096    0.338866   -0.494678   -0.228718
-0.00492025    0.138799   -0.330463    0.533082   0.0735476    0.555356   -0.157561    0.044315 -0.00961525   0.0480442    0.136593  -0.0562642 -0.00875706   -0.150065   -0.077042   0.0247822   0.0821177  -0.0796045   0.0365734  -0.0849929   0.0813301   0.0524703    -0.84579    0.207539   -0.269257   -0.183596   -0.157298   -0.174226           1   -0.480681  -0.0572541   -0.458815    0.725606   -0.556058   -0.377361    0.440167    0.338239    0.296584    0.105547   -0.765096    0.580271    0.727001
  0.0619825   -0.377076    0.492572   -0.608894    0.142427   -0.765096    0.105547   0.0905283   0.0660793  -0.0404136   0.0370486   0.0128501   0.0145977   0.0879374   0.0620528    0.115471  -0.0346797   0.0813301   0.0635556   0.0365734   0.0737718  -0.0355802    0.430451   -0.344767    0.141989    0.402986    0.647335  -0.0572541   -0.480681           1   -0.181253    0.356816   -0.678607    0.338239    -0.14979   -0.377361    -0.15853   0.0609075   -0.157476     0.20938   -0.119241   -0.241188
  0.0822429   -0.157378   -0.608711    0.317066  -0.0577251    0.338866   -0.765096  -0.0364609   0.0643996  -0.0577068   0.0255384   0.0370486   0.0747137   0.0707611   0.0159272   0.0620528   0.0613293   0.0772856   0.0813301   0.0613049   0.0365734   0.0619825  0.00359093    0.638841   -0.685309    0.141989   -0.326248     0.31417  -0.0572541   -0.181253           1   -0.377178    0.317027  -0.0732197    0.338239    0.435893   -0.377361    0.490079  0.00401033   -0.157476   -0.608884    0.142427
 -0.0795474   -0.174247    0.765583    -0.20003    0.339233   -0.494678    0.580271  0.00047457    0.152936   0.0254555   0.0121097  -0.0498404   0.0343914    0.010874  -0.0186981  -0.0608229   -0.136284  -0.0599215   0.0524703  -0.0517624   0.0630532   0.0365734    0.501612   -0.684684    0.572747    0.227586    0.314297    0.174177   -0.458815    0.356816   -0.377178           1   -0.342178    0.239135    0.296584    -0.34885  -0.0616764   -0.377361   -0.228718    0.727001   -0.157476   -0.765096
 -0.0798228    0.338239   -0.493705     0.57976   -0.173982    0.763292   -0.200241  -0.0492984   0.0622208   0.0249219  0.00597672   -0.132543   0.0370486    0.012596  -0.0203965  -0.0624198  -0.0501223  -0.0613294   0.0520907 8.41535e-06    0.149436   0.0363125   -0.765096    0.359134   -0.357519   -0.227118   -0.377361  -0.0616764    0.725606   -0.678607    0.317027   -0.342178           1   -0.377178   -0.157298    0.579549    0.177244    0.241963     0.22464   -0.458258    0.295361    0.497896
 -0.0724232    0.296584  0.00333989   -0.745879   -0.556553   -0.173982    0.273612  -0.0666092  -0.0609536   0.0778811   0.0249219  -0.0590144  -0.0498404   0.0473093    0.012596  -0.0924687  -0.0606226  -0.0501223   -0.072062  -0.0798228  -0.0645259  -0.0879154    0.580271   0.0735513    0.359134   -0.235204    0.490079   -0.377361   -0.556058    0.338239  -0.0732197    0.239135   -0.377178           1   -0.174226   -0.493705    0.241988   -0.165331     0.57976    0.295322  0.00330823   -0.241453
  0.0035082   -0.330469    0.175122     0.54684     0.55619    0.043835   -0.173982  0.00960994 -0.00872836   0.0896269    0.049268   0.0249219 -0.00961525  -0.0460355  -0.0758134    0.012596   0.0521242  -0.0719944  -0.0501223  -0.0631539  -0.0798228  -0.0724232    0.533082   -0.116681   -0.185397    0.359134   -0.608738     0.76566   -0.377361    -0.14979    0.338239    0.296584   -0.157298   -0.174226           1     0.36621   -0.493705  0.00333989    -0.45114     0.57976   -0.745879   -0.556211
 -0.0613294  -0.0616764   -0.377076    0.763292     0.22464     0.57976    -0.45114   0.0619825  0.00597672   0.0872335   0.0622208   -0.107887  -0.0203965  -0.0404136   0.0370486   0.0128501 8.41535e-06  -0.0798228 -0.00202219  -0.0501223   0.0487423  -0.0493516   -0.357519    0.142427   -0.765096    0.105547   -0.678607    0.338239    0.440167   -0.377361    0.435893    -0.34885    0.579549   -0.493705     0.36621           1   -0.181253    0.356816   -0.173979   -0.267799   -0.187832    0.250414
  0.0520907    0.725606   -0.157378   -0.200241   -0.458258    0.295322     0.57976   0.0822429   -0.132543    0.119558   0.0657992   0.0622208  -0.0624198  -0.0577068   0.0255384   0.0370486    0.149436   0.0363125  -0.0798228   0.0348702  -0.0501223  -0.0613294   -0.227118  -0.0577251    0.338866   -0.765096    0.317027   -0.342178    0.338239    -0.15853   -0.377361  -0.0616764    0.177244    0.241988   -0.493705   -0.181253           1   -0.377178    0.497896   -0.173979    0.763569     0.22464
  -0.072062   -0.556058   -0.174247    0.273612    0.295361  0.00330823   -0.745879  -0.0795474  -0.0590144   0.0674554   0.0387974  -0.0609536  -0.0924687   0.0254555   0.0121097  -0.0498404  -0.0645259  -0.0879154  -0.0724232  -0.0639413  -0.0606226  -0.0501223   -0.235204    0.339233   -0.494678    0.580271  -0.0732197    0.239135    0.296584   0.0609075    0.490079   -0.377361    0.241963   -0.165331  0.00333989    0.356816   -0.377178           1   -0.241453   -0.556211   -0.173979     0.57976
-0.00840725    0.727001   -0.556211   -0.377076   -0.845067    0.533347    0.171597   -0.106667   0.0619825  -0.0356697   0.0813994  -0.0867806  -0.0613294 -0.00171894  -0.0797689  -0.0613229  -0.0404136   0.0370486   0.0128501 -0.00907632   0.0467233  0.00654748  -0.0616764    0.402464    0.106667   -0.707575    0.142427   -0.765096    0.105547   -0.157476  0.00401033   -0.228718     0.22464     0.57976    -0.45114   -0.173979    0.497896   -0.241453           1   -0.181253    0.356816    0.174829
-0.00557327   0.0734549    0.556293   -0.157378     0.13891   -0.330023    0.533347  -0.0855315   0.0822429   0.0539804   -0.145603   0.0813994   0.0520907    0.141449  -0.0732184  -0.0797689  -0.0577068   0.0255384   0.0370486    0.045459 -0.00907632 -0.00840725    0.725606    -0.48225    0.441614    0.106667  -0.0577251    0.338866   -0.765096     0.20938   -0.157476    0.727001   -0.458258    0.295322     0.57976   -0.267799   -0.173979   -0.556211   -0.181253           1   -0.377178   -0.845067
 0.00355518    0.555431   0.0438257   -0.174247   -0.330018     0.17375    0.546624  -0.0641184  -0.0795474   0.0826308  -0.0524636   0.0523786   -0.072062   0.0424533  -0.0811537   -0.072452   0.0254555   0.0121097  -0.0498404  0.00850548 -0.00838717 -0.00907632   -0.556058   -0.149094    0.369174   -0.452461    0.339233   -0.494678    0.580271   -0.119241   -0.608884   -0.157476    0.295361  0.00330823   -0.745879   -0.187832    0.763569   -0.173979    0.356816   -0.377178           1    0.533347
  0.0128501    0.105547    -0.45114    0.171597   -0.181822    0.356904   -0.377076   -0.107887  -0.0867806   0.0737718  -0.0355802   0.0619825  -0.0613229   0.0487423  -0.0493516  -0.0613294   0.0467233  0.00654748 -0.00840725   0.0115757  -0.0404136   0.0370486   -0.707575    0.435893    -0.34885  -0.0616764  0.00401033   -0.228718    0.727001   -0.241188    0.142427   -0.765096    0.497896   -0.241453   -0.556211    0.250414     0.22464     0.57976    0.174829   -0.845067    0.533347           1
Encoded 1 as 0 0  = 1
Encoded <A1> as 0 1  = 0.0365734
Encoded <A2> as 0 2  = -0.0501223
Encoded <A3> as 0 3  = -0.00907632
Encoded <B1> as 0 4  = 0.0370486
Encoded <B2> as 0 5  = -0.0498404
Encoded <B3> as 0 6  = -0.00961525
Encoded <A2A1> as 0 7  = -0.377325
Encoded <A3A1> as 0 8  = -0.157561
Encoded <A1B1> as 0 9  = -0.765096
Encoded <A1B2> as 0 10  = 0.580271
Encoded <A1B3> as 0 11  = 0.533082
Encoded <A3A2> as 0 12  = -0.173982
Encoded <A2B1> as 0 13  = 0.57976
Encoded <A2B2> as 0 14  = -0.745879
Encoded <A2B3> as 0 15  = 0.54684
Encoded <A3B1> as 0 16  = 0.533347
Encoded <A3B2> as 0 17  = 0.546624
Encoded <A3B3> as 0 18  = -0.336237
Encoded <B2B1> as 0 19  = -0.377076
Encoded <B3B1> as 0 20  = -0.157378
Encoded <B3B2> as 0 21  = -0.174247
Encoded <A3A2A1> as 0 22  = 0.0143243
Encoded <A2A1B1> as 0 23  = 0.0620528
Encoded <A2A1B2> as 0 24  = -0.0608229
Encoded <A2A1B3> as 0 25  = -0.00875706
Encoded <A3A1B1> as 0 26  = 0.0813301
Encoded <A3A1B2> as 0 27  = 0.0524703
Encoded <A3A1B3> as 0 28  = -0.00492025
Encoded <A1B2B1> as 0 29  = 0.0619825
Encoded <A1B3B1> as 0 30  = 0.0822429
Encoded <A1B3B2> as 0 31  = -0.0795474
Encoded <A3A2B1> as 0 32  = -0.0798228
Encoded <A3A2B2> as 0 33  = -0.0724232
Encoded <A3A2B3> as 0 34  = 0.0035082
Encoded <A2B2B1> as 0 35  = -0.0613294
Encoded <A2B3B1> as 0 36  = 0.0520907
Encoded <A2B3B2> as 0 37  = -0.072062
Encoded <A3B2B1> as 0 38  = -0.00840725
Encoded <A3B3B1> as 0 39  = -0.00557327
Encoded <A3B3B2> as 0 40  = 0.00355518
Encoded <B3B2B1> as 0 41  = 0.0128501
Encoded <A1A2> as 1 2  = -0.377361
Encoded <A1A3> as 1 3  = -0.157476
Encoded <A1A2A1> as 1 7  = -0.0416119
Encoded <A1A3A1> as 1 8  = -0.0562642
Encoded <A1A3A2> as 1 12  = 0.0249219
Encoded <A1A2B1> as 1 13  = 0.0622208
Encoded <A1A2B2> as 1 14  = -0.0609536
Encoded <A1A2B3> as 1 15  = -0.00872836
Encoded <A1A3B1> as 1 16  = 0.0813994
Encoded <A1A3B2> as 1 17  = 0.0523786
Encoded <A1A3B3> as 1 18  = -0.00477497
Encoded <A1A3A2A1> as 1 22  = -0.184662
Encoded <A1A2A1B1> as 1 23  = 0.141989
Encoded <A1A2A1B2> as 1 24  = 0.227586
Encoded <A1A2A1B3> as 1 25  = -0.84579
Encoded <A1A3A1B1> as 1 26  = -0.0572541
Encoded <A1A3A1B2> as 1 27  = -0.458815
Encoded <A1A3A1B3> as 1 28  = 0.138799
Encoded <A1A3A2B1> as 1 32  = 0.338239
Encoded <A1A3A2B2> as 1 33  = 0.296584
Encoded <A1A3A2B3> as 1 34  = -0.330469
Encoded <A1A2B2B1> as 1 35  = -0.0616764
Encoded <A1A2B3B1> as 1 36  = 0.725606
Encoded <A1A2B3B2> as 1 37  = -0.556058
Encoded <A1A3B2B1> as 1 38  = 0.727001
Encoded <A1A3B3B1> as 1 39  = 0.0734549
Encoded <A1A3B3B2> as 1 40  = 0.555431
Encoded <A1B3B2B1> as 1 41  = 0.105547
Encoded <A2A3> as 2 3  = -0.173979
Encoded <A2A3A1> as 2 8  = 0.0247822
Encoded <A2A3A2> as 2 12  = 0.012596
Encoded <A2A3B1> as 2 16  = -0.0797689
Encoded <A2A3B2> as 2 17  = -0.072452
Encoded <A2A3B3> as 2 18  = 0.0034463
Encoded <A2A3A2A1> as 2 22  = 0.359586
Encoded <A2A3A1B1> as 2 26  = 0.338065
Encoded <A2A3A1B2> as 2 27  = 0.296754
Encoded <A2A3A1B3> as 2 28  = -0.330463
Encoded <A2A1B2B1> as 2 29  = 0.492572
Encoded <A2A1B3B1> as 2 30  = -0.608711
Encoded <A2A1B3B2> as 2 31  = 0.765583
Encoded <A2A3A2B1> as 2 32  = -0.493705
Encoded <A2A3A2B2> as 2 33  = 0.00333989
Encoded <A2A3A2B3> as 2 34  = 0.175122
Encoded <A2A3B2B1> as 2 38  = -0.556211
Encoded <A2A3B3B1> as 2 39  = 0.556293
Encoded <A2A3B3B2> as 2 40  = 0.0438257
Encoded <A2B3B2B1> as 2 41  = -0.45114
Encoded <A3A2A1B1> as 3 23  = 0.106523
Encoded <A3A2A1B2> as 3 24  = -0.452994
Encoded <A3A2A1B3> as 3 25  = 0.170864
Encoded <A3A1B2B1> as 3 29  = -0.608894
Encoded <A3A1B3B1> as 3 30  = 0.317066
Encoded <A3A1B3B2> as 3 31  = -0.20003
Encoded <A3A2B2B1> as 3 35  = 0.763292
Encoded <A3A2B3B1> as 3 36  = -0.200241
Encoded <A3A2B3B2> as 3 37  = 0.273612
Encoded <A3B3B2B1> as 3 41  = 0.171597
Encoded <B1B2> as 4 5  = -0.377178
Encoded <B1B3> as 4 6  = -0.157298
Encoded <A1B1B2> as 4 10  = 0.0630532
Encoded <A1B1B3> as 4 11  = 0.0821177
Encoded <A2B1B2> as 4 14  = -0.0606226
Encoded <A2B1B3> as 4 15  = 0.0521242
Encoded <A3B1B2> as 4 17  = -0.00838717
Encoded <A3B1B3> as 4 18  = -0.00580217
Encoded <B1B2B1> as 4 19  = -0.0404136
Encoded <B1B3B1> as 4 20  = -0.0577068
Encoded <B1B3B2> as 4 21  = 0.0254555
Encoded <A2A1B1B2> as 4 24  = -0.0625384
Encoded <A2A1B1B3> as 4 25  = 0.725204
Encoded <A3A1B1B2> as 4 27  = 0.726989
Encoded <A3A1B1B3> as 4 28  = 0.0735476
Encoded <A1B1B2B1> as 4 29  = 0.142427
Encoded <A1B1B3B1> as 4 30  = -0.0577251
Encoded <A1B1B3B2> as 4 31  = 0.339233
Encoded <A3A2B1B2> as 4 33  = -0.556553
Encoded <A3A2B1B3> as 4 34  = 0.55619
Encoded <A2B1B2B1> as 4 35  = 0.22464
Encoded <A2B1B3B1> as 4 36  = -0.458258
Encoded <A2B1B3B2> as 4 37  = 0.295361
Encoded <A3B1B2B1> as 4 38  = -0.845067
Encoded <A3B1B3B1> as 4 39  = 0.13891
Encoded <A3B1B3B2> as 4 40  = -0.330018
Encoded <B1B3B2B1> as 4 41  = -0.181822
Encoded <B2B3> as 5 6  = -0.174226
Encoded <A1B2B3> as 5 11  = -0.0796045
Encoded <A2B2B3> as 5 15  = -0.0719944
Encoded <A3B2B3> as 5 18  = 0.00372014
Encoded <B2B3B1> as 5 20  = 0.0255384
Encoded <B2B3B2> as 5 21  = 0.0121097
Encoded <A2A1B2B3> as 5 25  = -0.55628
Encoded <A3A1B2B3> as 5 28  = 0.555356
Encoded <A1B2B3B1> as 5 30  = 0.338866
Encoded <A1B2B3B2> as 5 31  = -0.494678
Encoded <A3A2B2B3> as 5 34  = 0.043835
Encoded <A2B2B3B1> as 5 36  = 0.295322
Encoded <A2B2B3B2> as 5 37  = 0.00330823
Encoded <A3B2B3B1> as 5 39  = -0.330023
Encoded <A3B2B3B2> as 5 40  = 0.17375
Encoded <B2B3B2B1> as 5 41  = 0.356904
Encoded <A1A2A3A1> as 7 8  = -0.183596
Encoded <A1A2A3A2> as 7 12  = 0.359134
Encoded <A1A2A3B1> as 7 16  = 0.106667
Encoded <A1A2A3B2> as 7 17  = -0.452461
Encoded <A1A2A3B3> as 7 18  = 0.171653
Encoded <A1A2A3A2A1> as 7 22  = 0.00740755
Encoded <A1A2A3A1B1> as 7 26  = 0.0594447
Encoded <A1A2A3A1B2> as 7 27  = 0.0377319
Encoded <A1A2A3A1B3> as 7 28  = 0.044315
Encoded <A1A2A1B2B1> as 7 29  = 0.0905283
Encoded <A1A2A1B3B1> as 7 30  = -0.0364609
Encoded <A1A2A1B3B2> as 7 31  = 0.00047457
Encoded <A1A2A3A2B1> as 7 32  = -0.0492984
Encoded <A1A2A3A2B2> as 7 33  = -0.0666092
Encoded <A1A2A3A2B3> as 7 34  = 0.00960994
Encoded <A1A2A3B2B1> as 7 38  = -0.106667
Encoded <A1A2A3B3B1> as 7 39  = -0.0855315
Encoded <A1A2A3B3B2> as 7 40  = -0.0641184
Encoded <A1A2B3B2B1> as 7 41  = -0.107887
Encoded <A1A3A2A1B1> as 8 23  = 0.073689
Encoded <A1A3A2A1B2> as 8 24  = 0.0544676
Encoded <A1A3A2A1B3> as 8 25  = 0.0445234
Encoded <A1A3A1B2B1> as 8 29  = 0.0660793
Encoded <A1A3A1B3B1> as 8 30  = 0.0643996
Encoded <A1A3A1B3B2> as 8 31  = 0.152936
Encoded <A1A3A2B2B1> as 8 35  = 0.00597672
Encoded <A1A3A2B3B1> as 8 36  = -0.132543
Encoded <A1A3A2B3B2> as 8 37  = -0.0590144
Encoded <A1A3B3B2B1> as 8 41  = -0.0867806
Encoded <A1A2B1B2> as 9 14  = 0.490079
Encoded <A1A2B1B3> as 9 15  = -0.608738
Encoded <A1A3B1B2> as 9 17  = -0.608884
Encoded <A1A3B1B3> as 9 18  = 0.351355
Encoded <A1A2A1B1B2> as 9 24  = 0.0886276
Encoded <A1A2A1B1B3> as 9 25  = -0.0364511
Encoded <A1A3A1B1B2> as 9 27  = 0.125664
Encoded <A1A3A1B1B3> as 9 28  = 0.0480442
Encoded <A1A3A2B1B2> as 9 33  = 0.0778811
Encoded <A1A3A2B1B3> as 9 34  = 0.0896269
Encoded <A1A2B1B2B1> as 9 35  = 0.0872335
Encoded <A1A2B1B3B1> as 9 36  = 0.119558
Encoded <A1A2B1B3B2> as 9 37  = 0.0674554
Encoded <A1A3B1B2B1> as 9 38  = -0.0356697
Encoded <A1A3B1B3B1> as 9 39  = 0.0539804
Encoded <A1A3B1B3B2> as 9 40  = 0.0826308
Encoded <A1B1B3B2B1> as 9 41  = 0.0737718
Encoded <A1A2B2B3> as 10 15  = 0.76566
Encoded <A1A3B2B3> as 10 18  = -0.163095
Encoded <A1A2A1B2B3> as 10 25  = 0.000223283
Encoded <A1A3A1B2B3> as 10 28  = 0.136593
Encoded <A1A3A2B2B3> as 10 34  = 0.049268
Encoded <A1A2B2B3B1> as 10 36  = 0.0657992
Encoded <A1A2B2B3B2> as 10 37  = 0.0387974
Encoded <A1A3B2B3B1> as 10 39  = -0.145603
Encoded <A1A3B2B3B2> as 10 40  = -0.0524636
Encoded <A1B2B3B2B1> as 10 41  = -0.0355802
Encoded <A2A3A2A1B1> as 12 23  = -0.0300246
Encoded <A2A3A2A1B2> as 12 24  = -0.0479883
Encoded <A2A3A2A1B3> as 12 25  = 0.00874689
Encoded <A2A3A1B2B1> as 12 29  = 0.0145977
Encoded <A2A3A1B3B1> as 12 30  = 0.0747137
Encoded <A2A3A1B3B2> as 12 31  = 0.0343914
Encoded <A2A3A2B2B1> as 12 35  = -0.0203965
Encoded <A2A3A2B3B1> as 12 36  = -0.0624198
Encoded <A2A3A2B3B2> as 12 37  = -0.0924687
Encoded <A2A3B3B2B1> as 12 41  = -0.0613229
Encoded <A2A3B1B2> as 13 17  = 0.763569
Encoded <A2A3B1B3> as 13 18  = -0.163014
Encoded <A2A3A1B1B2> as 13 27  = 0.0697888
Encoded <A2A3A1B1B3> as 13 28  = -0.150065
Encoded <A2A1B1B2B1> as 13 29  = 0.0879374
Encoded <A2A1B1B3B1> as 13 30  = 0.0707611
Encoded <A2A1B1B3B2> as 13 31  = 0.010874
Encoded <A2A3A2B1B2> as 13 33  = 0.0473093
Encoded <A2A3A2B1B3> as 13 34  = -0.0460355
Encoded <A2A3B1B2B1> as 13 38  = -0.00171894
Encoded <A2A3B1B3B1> as 13 39  = 0.141449
Encoded <A2A3B1B3B2> as 13 40  = 0.0424533
Encoded <A2B1B3B2B1> as 13 41  = 0.0487423
Encoded <A2A3B2B3> as 14 18  = 0.312062
Encoded <A2A3A1B2B3> as 14 28  = -0.077042
Encoded <A2A1B2B3B1> as 14 30  = 0.0159272
Encoded <A2A1B2B3B2> as 14 31  = -0.0186981
Encoded <A2A3A2B2B3> as 14 34  = -0.0758134
Encoded <A2A3B2B3B1> as 14 39  = -0.0732184
Encoded <A2A3B2B3B2> as 14 40  = -0.0811537
Encoded <A2B2B3B2B1> as 14 41  = -0.0493516
Encoded <A2A1B3B2B1> as 15 29  = 0.115471
Encoded <A3A2A1B1B2> as 16 24  = -0.109104
Encoded <A3A2A1B1B3> as 16 25  = -0.0860117
Encoded <A3A1B1B2B1> as 16 29  = -0.0346797
Encoded <A3A1B1B3B1> as 16 30  = 0.0613293
Encoded <A3A1B1B3B2> as 16 31  = -0.136284
Encoded <A3A2B1B2B1> as 16 35  = 8.41535e-06
Encoded <A3A2B1B3B1> as 16 36  = 0.149436
Encoded <A3A2B1B3B2> as 16 37  = -0.0645259
Encoded <A3B1B3B2B1> as 16 41  = 0.0467233
Encoded <A3A2A1B2B1> as 17 23  = 0.11198
Encoded <A3A2A1B2B3> as 17 25  = -0.0637658
Encoded <A3A1B2B3B1> as 17 30  = 0.0772856
Encoded <A3A1B2B3B2> as 17 31  = -0.0599215
Encoded <A3A2B2B3B1> as 17 36  = 0.0363125
Encoded <A3A2B2B3B2> as 17 37  = -0.0879154
Encoded <A3B2B3B2B1> as 17 41  = 0.00654748
Encoded <A3A2A1B3B1> as 18 23  = 0.0741124
Encoded <A3A2A1B3B2> as 18 24  = 0.00752559
Encoded <A3A1B3B2B1> as 18 29  = 0.0635556
Encoded <A3A2B3B2B1> as 18 35  = -0.00202219
Encoded <B1B2B3B1> as 19 20  = -0.181253
Encoded <B1B2B3B2> as 19 21  = 0.356816
Encoded <A2A1B1B2B3> as 19 25  = -0.10832
Encoded <A3A1B1B2B3> as 19 28  = -0.0849929
Encoded <A1B1B2B3B1> as 19 30  = 0.0613049
Encoded <A1B1B2B3B2> as 19 31  = -0.0517624
Encoded <A3A2B1B2B3> as 19 34  = -0.0631539
Encoded <A2B1B2B3B1> as 19 36  = 0.0348702
Encoded <A2B1B2B3B2> as 19 37  = -0.0639413
Encoded <A3B1B2B3B1> as 19 39  = 0.045459
Encoded <A3B1B2B3B2> as 19 40  = 0.00850548
Encoded <B1B2B3B2B1> as 19 41  = 0.0115757
Encoded <A1A2A3A2A1B1> as 22 23  = -0.241404
Encoded <A1A2A3A2A1B2> as 22 24  = 0.26045
Encoded <A1A2A3A2A1B3> as 22 25  = 0.180204
Encoded <A1A2A3A1B2B1> as 22 29  = 0.430451
Encoded <A1A2A3A1B3B1> as 22 30  = 0.00359093
Encoded <A1A2A3A1B3B2> as 22 31  = 0.501612
Encoded <A1A2A3A2B2B1> as 22 35  = -0.357519
Encoded <A1A2A3A2B3B1> as 22 36  = -0.227118
Encoded <A1A2A3A2B3B2> as 22 37  = -0.235204
Encoded <A1A2A3B3B2B1> as 22 41  = -0.707575
Encoded <A1A2A3A1B1B2> as 23 27  = -0.147907
Encoded <A1A2A3A1B1B3> as 23 28  = 0.207539
Encoded <A1A2A1B1B2B1> as 23 29  = -0.344767
Encoded <A1A2A1B1B3B1> as 23 30  = 0.638841
Encoded <A1A2A1B1B3B2> as 23 31  = -0.684684
Encoded <A1A2A3A2B1B2> as 23 33  = 0.0735513
Encoded <A1A2A3A2B1B3> as 23 34  = -0.116681
Encoded <A1A2A3B1B2B1> as 23 38  = 0.402464
Encoded <A1A2A3B1B3B1> as 23 39  = -0.48225
Encoded <A1A2A3B1B3B2> as 23 40  = -0.149094
Encoded <A1A2B1B3B2B1> as 23 41  = 0.435893
Encoded <A1A2A3A1B2B3> as 24 28  = -0.269257
Encoded <A1A2A1B2B3B1> as 24 30  = -0.685309
Encoded <A1A2A1B2B3B2> as 24 31  = 0.572747
Encoded <A1A2A3A2B2B3> as 24 34  = -0.185397
Encoded <A1A2A3B2B3B1> as 24 39  = 0.441614
Encoded <A1A2A3B2B3B2> as 24 40  = 0.369174
Encoded <A1A2B2B3B2B1> as 24 41  = -0.34885
Encoded <A1A2A1B3B2B1> as 25 29  = 0.402986
Encoded <A1A3A1B1B2B1> as 26 29  = 0.647335
Encoded <A1A3A1B1B3B1> as 26 30  = -0.326248
Encoded <A1A3A1B1B3B2> as 26 31  = 0.314297
Encoded <A1A3A2B1B2B1> as 26 35  = -0.678607
Encoded <A1A3A2B1B3B1> as 26 36  = 0.317027
Encoded <A1A3A2B1B3B2> as 26 37  = -0.0732197
Encoded <A1A3B1B3B2B1> as 26 41  = 0.00401033
Encoded <A1A3A1B2B3B1> as 27 30  = 0.31417
Encoded <A1A3A1B2B3B2> as 27 31  = 0.174177
Encoded <A1A3A2B2B3B1> as 27 36  = -0.342178
Encoded <A1A3A2B2B3B2> as 27 37  = 0.239135
Encoded <A1A3B2B3B2B1> as 27 41  = -0.228718
Encoded <A1A3A1B3B2B1> as 28 29  = -0.480681
Encoded <A1A3A2B3B2B1> as 28 35  = 0.440167
Encoded <A1A3A2B1B2B3> as 29 34  = -0.14979
Encoded <A1A2B1B2B3B1> as 29 36  = -0.15853
Encoded <A1A2B1B2B3B2> as 29 37  = 0.0609075
Encoded <A1A3B1B2B3B1> as 29 39  = 0.20938
Encoded <A1A3B1B2B3B2> as 29 40  = -0.119241
Encoded <A1B1B2B3B2B1> as 29 41  = -0.241188
Encoded <A2A3A2B1B2B1> as 32 35  = 0.579549
Encoded <A2A3A2B1B3B1> as 32 36  = 0.177244
Encoded <A2A3A2B1B3B2> as 32 37  = 0.241963
Encoded <A2A3B1B3B2B1> as 32 41  = 0.497896
Encoded <A2A3A2B2B3B1> as 33 36  = 0.241988
Encoded <A2A3A2B2B3B2> as 33 37  = -0.165331
Encoded <A2A3B2B3B2B1> as 33 41  = -0.241453
Encoded <A2A3A2B3B2B1> as 34 35  = 0.36621
Encoded <A2A3B1B2B3B1> as 35 39  = -0.267799
Encoded <A2A3B1B2B3B2> as 35 40  = -0.187832
Encoded <A2B1B2B3B2B1> as 35 41  = 0.250414
Encoded <A3B1B2B3B2B1> as 38 41  = 0.174829
