D0:      0.0005001     
D1:     -0.705621      
D2:     -0.705621      
D3:     -0.705595      
D4:     -0.705591      
C0:      5.18717e-06   
C1:     -0.0850999     
C2:      0.158877      
C3:     -0.0521867     
C4:      0.172491      
C5:      0.83599       
C6:      0.0161727     
C7:     -0.60256       
C8:     -0.579689      
C9:      0.824995      
C10:    -0.583346      
C11:     0.583352      
C12:     0.000519124   
C13:    -9.7282e-06    
C14:     0.00018259    

Dual objective: -(<D0>+<D1>+<D2>+<D3>+<D4>)

<C0C0>+<D0>
<C0C1>
<C0C2>
<C0C3>
<C0C4>
<C1C1>+<C5C5>+<D1>
<C1C2>+<C5C6>
<C1C3>+<C5C7>+0.5
<C1C4>+<C5C8>+0.5
<C2C2>+<C6C6>+<C9C9>+<D2>
<C2C3>+<C6C7>+<C9C10>+0.5
<C2C4>+<C6C8>+<C9C11>-0.5
<C3C3>+<C7C7>+<C10C10>+<C12C12>+<D3>
<C3C4>+<C7C8>+<C10C11>+<C12C13>
<C4C4>+<C8C8>+<C11C11>+<C13C13>+<C14C14>+<D4>

dD0 = -1 + pen*2*(<C0C0>+<D0>)

dC0 = 2<C1>(<COC1>) + 2<C2>(<COC2>) + 2<C3>(<COC3>) + 2<C4>(<COC4>) + 4<C0>(<COC0>+<D0>)
    = 1000*4*0.840896*((0.840896)^2-0.607107)

dC1 = 2<C0>(<COC1>) + 

Variables: 
D0: 0.0499987
D1: -0.557127
D2: -0.557114
D3: -0.557043
D4: -0.55715
C0: -6.3055e-06
C1: 0.000584159
C2: 0.00276139
C3: -0.000996818
C4: 0.00174776
C5: 0.779186
C6: 8.62387e-05
C7: -0.550958
C8: -0.550942
C9: 0.779166
C10: -0.550895
C11: 0.551008
C12: 0.000221198
C13: 0.00184586
C14: 0.000232887
Gradient: 
D0: -2.60308e-06
D1: 7.35087e-06
D2: -1.38613e-05
D3: -5.97498e-06
D4: 5.19824e-06
C0: -1.31273e-06
C1: 0.283086
C2: 0.000549141
C3: 0.0139356
C4: 0.000349137
C5: 0.438818
C6: -6.93659e-05
C7: -0.26776
C8: -0.110189
C9: 0.155802
C10: -0.188967
C11: 0.189005
C12: 3.83233e-05
C13: 0.000372486
C14: 4.65798e-05

<C0C8>-0.5<D2>-0.5<D37>-0.5<D43>
C0: 0.840896
C8: 0
D2: 0
D37: 0
D43: -0.707107

D0: -0.707107
D1: 0
D3: 0
D4: 0
D5: 0
D6: 0
D7: 0
D8: 0
D9: 0
D10: 0
D11: 0
D12: 0
D13: 0
D14: 0
D15: 0
D16: 0
D17: 0
D18: 0
D19: 0
D20: 0
D21: 0
D22: 0
D23: 0
D24: 0
D25: 0
D26: 0
D27: 0
D28: 0
D29: 0
D30: 0
D31: -0.707107
D32: 0
D33: 0
D34: 0
D35: 0
D36: -0.707107
D38: 0
D39: 0
D40: 0
D41: -0.707107
D42: -0.707107
D44: 0
D45: 0
D46: -0.707107
D47: -0.707107
D48: -0.707107
D49: -0.707107
D50: -0.707107
D51: -0.707107
D52: -0.707107
C1: 0
C2: 0
C3: 0
C4: 0
C5: 0
C6: 0
C7: 0
C9: 0
C10: 0
C11: 0
C12: 0
C13: 0.840896
C14: 0
C15: 0
C16: 0
C17: 0
C18: 0
C19: 0
C20: 0
C21: 0
C22: 0
C23: 0
C24: 0
C25: 0.840896
C26: 0
C27: 0
C28: 0
C29: 0
C30: 0
C31: 0
C32: 0
C33: 0
C34: 0
C35: 0
C36: 0.840896
C37: 0
C38: 0
C39: 0
C40: 0
C41: 0
C42: 0
C43: 0
C44: 0
C45: 0
C46: 0.840896
C47: 0
C48: 0
C49: 0
C50: 0
C51: 0
C52: 0
C53: 0
C54: 0
C55: 0.840896
C56: 0
C57: 0
C58: 0
C59: 0
C60: 0
C61: 0
C62: 0
C63: 0.840896
C64: 0
C65: 0
C66: 0
C67: 0
C68: 0
C69: -0.594604
C70: 0.840896
C71: 0
C72: 0
C73: 0
C74: -0.594604
C75: 0
C76: 0.840896
C77: 0
C78: 0
C79: 0
C80: 0
C81: 0.840896
C82: 0
C83: 0
C84: 0.594604
C85: 0.840896
C86: -0.594604
C87: 0
C88: 0.000141421
C89: 0
C90: 0.000141421
